x1: x2: x3: x4: x5: x6: x7: 
-0.244095651968 0.640566827218 0.547269999774 0.943739473442 -0.903928634964 0.176928385047 -0.988834236984 
-0.564666654521 -0.431990403588 0.77554002535 -0.221118734341 0.683841093894 -0.419566100195 0.905760451234 
-0.245301362967 -0.933225527253 0.889983149351 -0.28854544245 0.577753453452 -0.135316555815 0.819753609378 
0.82796098613 -0.321688705732 0.324675982994 0.83094656181 0.9136847059 0.103220011517 -0.771002792812 
0.56008524905 0.205673014198 -0.87436053497 -0.108603973304 -0.716321134504 -0.807475573741 0.476704995843 
0.0521893750232 -0.00935275517431 0.0492547139002 0.0920896321673 0.937238736776 -0.116451862 -0.759906405089 
-0.873077555873 0.89078467375 -0.212070256118 -0.194364839822 0.31492882639 -0.55801715277 -0.322324008218 
-0.107855194617 0.398236726981 0.75288815731 1.04326798809 0.228304252332 -0.338135703631 0.238418404875 
0.313026116913 0.153251058347 0.792963050896 1.25923852458 0.166889017567 -0.301123505884 -0.564998612521 
-0.351881062188 0.103940362762 0.0241721920804 -0.223770208927 0.449383326153 -0.817846626628 0.169697302962 
-0.215858418702 -0.154778522489 0.831381889915 0.460743247142 0.469792377445 -0.613267228844 -0.0905857522122 
0.180782744393 -0.665356860335 0.809890043443 0.325314225918 0.70448324573 0.927708299937 0.734981009152 
0.605659861559 0.242183227485 -0.258214366019 0.589627021443 -0.456748568087 -0.588375493463 -0.136687169731 
-0.0938399217655 -0.19724388238 0.294389017409 0.00330351168172 0.585612435931 0.944990944898 0.424745579622 
0.254804190952 0.487832618976 0.399881178196 1.14251628654 -0.863392179702 -0.458899824243 -0.511403029466 
0.600277183007 -0.441769353636 0.235430793217 0.393936921006 -0.764857973717 -0.111499725489 0.956792439775 
0.29364508532 0.145050876943 -0.474975228919 -0.0362809682379 -0.17592061949 0.0751899885577 0.401021384749 
0.478981627194 0.546461181423 -0.630097085701 0.395344021334 -0.705617726611 -0.126615560553 -0.207001540699 
-0.612107117103 0.556723674159 0.576593742072 0.521208597546 0.767920553621 -0.274829030834 0.526556160841 
-0.499929858777 0.415642791614 0.391821162666 0.307532393921 0.751753908962 0.102433533773 0.863754851156 
-0.46441308047 -0.0393866967371 0.171970759391 -0.331830719397 0.00482369855276 -0.43936784395 0.457409116535 
0.0972053790511 -0.602330846151 -0.11519915925 -0.620326327932 0.31830160231 0.272048436207 0.590681625305 
0.513386831849 0.0589824241822 -0.625111814597 -0.0527442601472 -0.928215246189 -0.546820398379 -0.483828341151 
-0.993816497669 0.905482065882 0.692677904061 0.604341770693 -0.966894036222 -0.90040685353 0.192311423703 
-0.795485457525 0.319705346021 -0.984232635681 -1.46001444877 0.613495130048 0.922209109932 -0.721255032836 
-0.688927126626 0.193934254679 0.092798088409 -0.402196485119 0.708457329329 0.30532094919 -0.734730606286 
0.421949893978 0.074815849734 -0.498359654536 -0.00159561240612 -0.762544548306 -0.211214432637 -0.725924552582 
0.518982447565 -0.710533610749 -0.834259703041 -1.02581256781 0.957877399028 -0.55197023308 0.345491330113 
0.603580588497 0.820301721633 -0.0724503730313 1.35143023552 0.771412246836 -0.521969318725 0.0210427025036 
0.818686862474 0.132902025096 0.768251821086 1.71983900707 0.012551568802 0.778952476738 0.770183216178 
-0.414944568515 -0.349813291847 -0.0982277097731 -0.862987271717 0.25997720297 -0.298087576391 -0.491139832843 
0.755923409597 -0.103265424689 -0.449904897716 0.202751385609 0.700896433371 -0.0486941688697 0.464637627608 
0.338559235028 0.702191917009 -0.625242689451 0.415506761003 -0.140336862889 0.00919786410431 -0.610521440109 
0.78072080263 0.432031770064 0.284158473161 1.49690934427 0.69085506628 0.232069414726 0.544317196725 
-0.517041940917 0.177724681682 -0.959080883581 -1.2983998444 -0.413143791687 0.380956462553 -0.303528467561 
0.27546204952 -0.174382963262 -0.650768885237 -0.54969150056 0.480658305152 -0.165543449503 0.222445703018 
0.262420468275 0.316323437299 0.755523695492 1.33426589948 -0.9908193337 -0.815283945816 0.729002010155 
0.454979348081 0.302201324788 0.470117762231 1.22729673352 -0.87593110096 -0.910642077194 0.0616817037917 
-0.561480229907 0.8571416186 -0.587649732439 -0.291990045328 0.812954128886 0.0195628025103 -0.906570689429 
-0.441628553601 0.232381933744 -0.362008865399 -0.571257186838 -0.300397484891 -0.313737552538 0.0609637208496 
0.503252493357 0.36662710754 -0.611719304476 0.258158594839 0.756126167615 -0.756463370054 0.554086308494 
0.32538054819 -0.00178246694673 0.661794657261 0.985391036922 -0.0365250081545 0.407958405071 0.682778260122 
0.398754826959 0.0826101973347 -0.852151256708 -0.370787933996 0.679510536145 -0.921252772994 -0.694680766349 
-0.0269475646258 0.107850410812 -0.372640395451 -0.291739250847 0.85054387864 0.466642080836 -0.515194343957 
0.838084460348 -0.364628827547 -0.647952299279 -0.174498368059 0.699416968721 0.264031162768 0.897748955152 
-0.924023813127 -0.955337559428 -0.0541805462893 -1.93354362043 0.317705270844 -0.140980111966 -0.268775421415 
0.57757015117 0.434830637959 -0.0864947281986 0.925904359349 0.836742134425 -0.300156264191 0.945201853995 
0.0413008487358 0.546087595722 0.448347721263 1.03573446414 0.0710925971246 0.0448979343921 0.209441729413 
-0.445993354616 0.726145491453 0.774258661219 1.05440909647 -0.822075862747 -0.606897847271 0.673494908206 
0.965693083637 -0.350202479655 -0.151329903044 0.464158999355 -0.797652012759 0.88122952158 -0.913742463731 
0.380975865875 -0.524641628115 0.238576784233 0.0949093204108 -0.227466304792 0.864667609896 -0.912628473944 
-0.267799133332 -0.368856268839 -0.669099597955 -1.30575670171 0.669817300373 0.376689805236 0.179404328823 
0.848085300945 -0.0855835467556 0.636384337796 1.3988843904 -0.0873615907321 -0.88611717743 0.677351552872 
0.332763536926 0.259742265398 0.607257890859 1.1997619916 0.320608679919 0.0221635134726 -0.156488414558 
-0.615729398003 -0.36642995335 0.38558636854 -0.596574684395 0.226470815006 -0.528432922181 0.576186920555 
-0.83190641451 -0.00941345171354 0.159180196318 -0.682141371488 0.519657982212 0.346046406025 -0.623826323788 
-0.503565619966 -0.607558892044 -0.589971211852 -1.70109742544 -0.0650094440443 0.504190243678 -0.916806827777 
0.0559053973593 -0.138378793592 -0.400222718546 -0.48269781636 -0.0755306599746 0.414112771206 -0.701270933382 
0.276227687091 0.674834131635 0.373615107405 1.32467522455 -0.649462476178 -0.428163755283 -0.312160382619 
-0.51349570069 0.212674492897 -0.562698217213 -0.863521126588 -0.245911092263 -0.0473445724818 0.396211897437 
-0.15237595539 0.885078022884 0.33988807139 1.0725884373 -0.747125118937 0.156546279273 0.878856175139 
0.559506715684 -0.890934165187 0.881852457824 0.550423306739 0.274177628856 -0.59684133325 0.244613357015 
0.991055543327 0.0331589548412 0.508536456744 1.53274925333 0.52534355287 -0.603802202954 0.104015118631 
0.952879392412 -0.102748714911 -0.0884076314622 0.761721344457 -0.828535541816 0.14877981843 0.889082980344 
-0.124161547777 -0.999053734311 0.403289101833 -0.719927881837 0.846790480689 -0.840255557172 -0.973568799274 
0.383906097869 -0.294606101679 -0.102496205488 -0.0131979108797 0.298278357831 0.903897627676 0.133110411785 
0.537384697875 -0.628979059103 -0.306734550021 -0.398330612831 0.246766786661 -0.386276207755 0.586207060095 
0.357814282076 -0.0442103815864 0.718343800089 1.031945999 0.635450398658 0.437318456778 -0.666338380329 
0.42577102002 0.00361193395091 -0.771918979915 -0.342537727526 -0.688694877618 0.402256966091 0.390347207856 
0.316326733688 -0.423112727508 -0.473829304415 -0.580616999816 0.615548019162 0.549826057599 0.347546570242 
-0.154713640486 -0.759694500074 -0.494432087309 -1.40884192945 0.739140086462 0.221573567828 -0.78848523576 
-0.00548483501121 0.204956215962 -0.222876527939 -0.0234068485705 -0.432177056464 -0.656302698835 -0.197853933986 
-0.651305789295 0.621692562948 0.437648284339 0.40803335641 0.921088647095 0.27753858801 0.486024480509 
-0.119091945884 0.982665437803 -0.213453765782 0.650118024555 0.887948939915 0.62678100255 -0.804959707895 
-0.268412753611 -0.516367522282 -0.590267512363 -1.37504948984 -0.588509686199 -0.534749243887 -0.382428982228 
-0.954682145237 0.33532595089 -0.698142285848 -1.31750018178 -0.204344070793 0.92456338092 -0.803696549057 
0.664160682308 -0.362293783719 -0.967217707984 -0.665352510978 -0.578200166859 0.622632499101 -0.169706881962 
-0.679124244874 -0.456300565665 -0.308400833347 -1.44382734547 0.0614278649616 0.498051333114 -0.856222979655 
0.19416062799 0.615070211428 -0.427534905523 0.381694232313 0.43549134172 -0.608783406931 0.888070872465 
-0.631341213676 0.0949616467277 0.0718182650827 -0.464563003447 -0.320185893167 -0.534496313025 0.33707028504 
0.611546475027 0.00949741857333 0.940003831684 1.5610460237 -0.554992439544 0.38790528987 0.364554851611 
0.656313600545 -0.802925160658 0.169854697523 0.0232414358284 -0.00736865584873 0.816814996342 -0.420894715677 
0.232870731619 0.806888188916 0.0876057918627 1.12736301082 0.803816717824 -0.142657659905 0.450094561441 
-0.13870030617 -0.624671191584 -0.860844492335 -1.62421769167 0.950575767972 -0.958849004637 0.375895650169 
0.425505160286 0.206615515609 0.0819522648482 0.714071239161 -0.0439385127438 0.79955763296 0.0611893005555 
0.0657377475019 0.405903798955 0.57198493218 1.04362477706 0.52357723424 0.634344803162 0.762015653095 
-0.372706702317 -0.572952889587 0.467735199374 -0.477926094112 0.177200807133 0.856456938378 -0.991485417479 
0.67205152938 0.870866839714 0.507072381318 2.04998904883 0.467670650535 -0.66169417757 0.154800459848 
0.650108467567 -0.690197288352 -0.423843390564 -0.46393391293 0.693002665811 -0.425675509232 -0.49102970973 
0.666504658064 -0.452821739832 0.93326177733 1.14694299398 -0.367384260779 -0.884218549929 -0.136749086172 
-0.338313116032 -0.93362885151 -0.487936540119 -1.75988020924 0.41153171304 0.00691330269674 0.386415983465 
-0.755013368289 0.878793351078 -0.584497915603 -0.460719634396 -0.0711188862466 0.15336356587 -0.140662817048 
0.758511415873 0.974764345103 0.120051737846 1.85332579724 0.811896782355 -0.79324431752 -0.890354172798 
-0.441396870181 0.240190951578 0.0126289053785 -0.188578714806 -0.798755369853 0.350583407803 -0.578330157989 
0.804522590854 0.7744001755 0.853108343278 2.43202940805 0.970780860227 0.112596918396 -0.738998051851 
0.929867620295 0.694682817765 0.888519173666 2.51306791014 -0.401799763998 -0.360890936009 0.705629322421 
0.328084489199 0.146266532866 -0.149081213681 0.325268106802 0.286995307932 -0.00572572671998 0.829606321783 
-0.330010450887 0.34541262857 -0.925604724324 -0.910204248223 -0.821236035535 -0.979894815582 -0.60008753726 
0.247447416641 0.677905877457 0.0990908241996 1.02444241672 0.305395641433 0.131622070212 0.935213785902 
0.0891760090534 -0.174019838726 -0.883338465358 -0.968183996613 -0.256472880346 -0.909400370785 -0.0916365599484 
-0.283076013805 -0.536787374643 -0.37432941132 -1.19419450135 -0.137765810076 0.0907332758701 0.245384965824 
-0.982555724182 -0.482426141705 -0.162167917265 -1.62715148473 0.831801935857 -0.439263207373 -0.907844798637 
-0.572057869311 0.619911127776 -0.519348028296 -0.471496471412 0.973644124886 0.46281619672 0.484466191274 
0.747439826767 0.628361239539 -0.576238715541 0.799560649184 -0.542805319464 0.357394956434 -0.12722444924 
-0.930844076843 -0.455864873466 -0.55708864668 -1.94379929857 -0.158304360872 0.350694688259 -0.284270024427 
-0.444527091236 -0.183060619917 0.662647203362 0.0350577906269 -0.380333905501 0.189996805939 0.4893371511 
0.691838317161 -0.992238062172 0.518810572053 0.21840912546 -0.469394284021 -0.224236859545 0.932858574909 
0.776028433037 -0.742339528908 0.358826625162 0.39251382771 -0.385381170226 0.371799744863 -0.468140216323 
0.813424203598 -0.726519898362 0.573173536439 0.660076140092 -0.684303040955 0.131969183059 -0.15821264251 
-0.841128158432 -0.239508951532 0.152351228202 -0.928287583344 0.0511036215899 0.818765065801 -0.858338362183 
0.904443880905 -0.452121695158 -0.994139903807 -0.541819419642 -0.181264510234 -0.83186518145 0.376952468946 
-0.789947740479 -0.937575431766 0.173840179544 -1.55368469428 -0.298163488298 -0.803778984629 -0.280041330416 
0.447877069094 0.725381603202 -0.645673294236 0.527583676479 0.698465245871 0.170054460939 -0.216605904986 
0.0695082168015 -0.9277925505 0.852511617791 -0.00577441748981 -0.161210895709 -0.504993920542 -0.844120521743 
0.378611635263 -0.819776755602 -0.727708590433 -1.16887541235 0.296612380675 0.826041590623 0.958360023303 
-0.954161413521 -0.963889578225 -0.409631073179 -2.32768376651 -0.525311113309 -0.124555842392 0.716067467361 
-0.210369143079 -0.331750112978 -0.120066529638 -0.662187487277 -0.656624384353 -0.447740612575 0.648527791222 
0.740386690601 -0.110133068208 -0.0531570376906 0.57709488312 -0.357873445797 0.902836500376 -0.873946807327 
0.683790085858 0.355375230239 0.593011929848 1.63217554436 -0.0997300866949 0.725490409003 0.170479261249 
0.418155447693 0.393290634647 0.385908980511 1.19735336127 0.9961981036 0.869308332707 -0.924231192607 
-0.121504469922 -0.247125287279 0.590273474391 0.221642015609 -0.0212248468949 -0.0205588703088 0.652965692374 
-0.723583231602 -0.590938772943 -0.645739077517 -1.96026278364 0.883479026549 -0.00511091747649 0.222610209389 
-0.85076866239 -0.668667746729 0.461407987709 -1.05803012299 0.0497215615703 -0.297139507862 0.140082919008 
-0.91360420365 0.390322430872 0.903635949722 0.380352475362 -0.391047881399 0.877137523917 -0.290769403266 
-0.594104490363 0.424145562035 0.543282000009 0.373321370099 -0.343157675732 -0.61862148803 0.714894564837 
0.658994979814 -0.657200439175 0.619731110029 0.621523949087 0.524235357526 -0.455066588231 0.537540726055 
0.287094333101 0.173960983485 0.179495433186 0.64054904819 -0.639525778349 -0.244669515826 0.767600008699 
0.726402504051 0.798571030764 0.542530136389 2.06750196962 0.678386589755 0.929312059142 0.00349777232205 
0.156834204855 -0.108925376072 -0.721326409715 -0.673419282514 0.727478213017 0.101913434474 -0.71614132662 
0.411632924376 0.443570310556 0.895096609753 1.7502981431 0.241255666783 0.969709478103 0.506713957044 
0.416049097914 -0.339548845078 -0.51530691939 -0.438808368135 0.927339405181 -0.711042172505 0.0488239471812 
-0.937321866005 0.938058601856 -0.516513128354 -0.515778094085 0.650377127157 0.500320358854 -0.788114965948 
0.816045788461 0.174974324002 0.410756461257 1.40177487214 0.715101444656 -0.0662449402848 -0.224615530563 
0.841971279053 -0.345725018516 -0.224124266888 0.272120292067 0.695639254517 -0.573098556356 0.76063124657 
-0.390369592563 0.0417258671673 0.712485131062 0.363839704084 0.319374782119 -0.921454666895 -0.281499957748 
-0.267488430296 -0.603247732799 -0.163041486325 -1.033779351 0.79004732798 -0.7711628286 -0.284796768842 
-0.42316258447 0.333611570601 0.369952808562 0.280400093112 0.28882156576 -0.478363981196 0.306217043834 
-0.270374187999 0.928659710027 -0.789942249467 -0.131658429021 -0.259177004284 -0.869221375462 0.730655715496 
-0.91068154891 0.975865451283 -0.596642712977 -0.531460512185 -0.863493556346 0.871171102117 0.786874595481 
0.349490749886 0.266624277048 0.710100835539 1.32621416089 0.0862146848536 -0.375137976891 -0.607690601742 
-0.623940590244 0.318967839333 0.693158480128 0.388184027635 0.438237694772 0.26906420126 0.710242823259 
0.445984105724 0.104964726907 -0.840885083348 -0.289937952299 0.366768922971 -0.929052696097 -0.213391416134 
-0.0535955302411 0.544857312175 -0.524356436 -0.0330963556479 -0.13892475755 -0.939999594818 -0.608050320278 
0.936497479287 -0.0683980520114 -0.795413429729 0.0726842959648 -0.991953569015 -0.555173110612 0.975006876726 
0.686170055997 -0.752593869794 -0.60658529321 -0.673010808589 0.466549216942 0.920513079017 0.755846328307 
-0.55675380477 -0.572264214704 -0.200423843281 -1.32944356434 -0.121283034133 0.126439831842 -0.884826729114 
-0.783068213365 -0.336348326831 0.925443634819 -0.193974606959 -0.597390516656 0.851509996927 -0.592240288534 
0.870903404303 0.103986682054 -0.0525128426175 0.922375542157 -0.812625781476 -0.574277815293 -0.945920043449 
-0.785970526489 0.486988939326 0.01039640968 -0.288586879066 0.210678759815 0.397909920552 0.18448014484 
0.387539091971 -0.513090426911 0.620953867319 0.495400830797 -0.469516556423 0.020844115212 -0.287882395181 
-0.152522720677 -0.851189806646 -0.504266047124 -1.50798027603 -0.485220872469 0.470552263647 -0.507714027008 
-0.238631885306 -0.198303450533 0.733099275031 0.29616223761 -0.043985894017 0.447383526053 0.401010055133 
0.108259235308 0.0504898391846 0.993920835607 1.15266820852 0.139169087226 -0.203769369616 -0.588013543724 
0.522325941157 -0.236333252318 0.372898025522 0.65888901278 -0.298495935629 0.54758112 0.381413847317 
-0.39778032505 0.0893218082993 -0.405439433092 -0.713899651425 -0.239262571673 0.593180807177 -0.0893925845022 
0.555200266832 0.561040198343 0.782890915437 1.89912967903 0.253740257699 0.154415818784 0.183471499382 
-0.691688667739 -0.701872820727 -0.679917617973 -2.07348080802 0.547202611432 0.418319061504 0.850491091119 
-0.684199238234 0.536628329304 -0.346717602124 -0.494290212635 -0.860972647718 -0.368609175593 -0.43076407388 
0.763725344191 0.270300643709 -0.0633746329104 0.970649653407 -0.683533117001 0.204512675952 -0.0547546613855 
0.392109739613 -0.891164448026 0.257457152147 -0.241599257849 0.794829989503 0.141015674428 -0.84369805026 
-0.115743875056 -0.0124680437596 0.0774835208166 -0.050730099581 0.220891358354 0.474194172052 -0.137841479675 
-0.431238384441 -0.618421547187 0.689489303897 -0.360172329313 -0.743878230686 0.412261555873 0.808336189178 
0.0639164583832 -0.429404840068 -0.320226576409 -0.685716659676 -0.636043907703 0.419381677314 0.20757047582 
-0.965635802446 -0.460887736864 -0.677353003048 -2.10387824394 -0.198583396006 -0.551634951706 0.0623893567819 
0.259814641242 -0.988447088598 -0.427077873099 -1.15571202204 -0.257154131332 -0.431048685926 0.547905437699 
-0.30582784698 -0.119867732989 -0.283946990558 -0.709644272109 0.217454874919 -0.481710943987 -0.111786650966 
0.451865080682 -0.922972930557 -0.940661868661 -1.41177142012 -0.98369411282 0.860456245484 -0.975547040986 
0.266588670265 -0.206321444021 -0.62909872792 -0.568833203258 0.910071965932 -0.563547351062 0.0923395470679 
0.310307132419 -0.382470968079 -0.0619701798087 -0.134135717051 0.179148166207 0.910022786263 -0.834615915359 
-0.110217534067 0.757405580306 -0.67784354119 -0.0306571965325 -0.352463924243 0.952535471323 0.411704004333 
0.0863506461682 -0.0964641663344 -0.575101562696 -0.585216784444 -0.538064068409 -0.669608972044 -0.756377337976 
-0.711512868106 0.0664532088275 0.919716251191 0.27465489033 -0.059232866891 -0.835808408493 0.624714429862 
-0.275257328445 -0.938045613615 0.958016541371 -0.255288102271 -0.0281003549792 -0.039471609266 -0.666570382079 
0.277312549507 -0.514423372708 -0.578127875502 -0.815240400285 0.481480927332 -0.109534807166 -0.833744409693 
-0.673858360912 0.951728144366 0.808248331192 1.08611641306 0.702503355993 0.128275395989 -0.240040143305 
-0.877114501473 -0.305277895516 -0.389759837447 -1.57215393602 -0.171481031182 -0.507351508926 -0.0977605361508 
0.0963689954612 0.222953470008 -0.821640558236 -0.502319794349 -0.68590790767 -0.903127139341 0.727360535477 
0.091230621317 -0.605040407492 -0.0704345380564 -0.584246025813 0.446819627761 0.586039818646 0.0526167058891 
-0.614143018546 -0.464342348042 -0.739908045322 -1.81839511349 -0.897350967508 0.759229630941 -0.631128098867 
0.48959940065 0.778224552386 -0.993144264038 0.274677987416 0.646112957045 -0.958385602825 0.980987939348 
-0.563022849822 -0.0937130290607 0.746313670135 0.0895760896702 -0.869665065587 -0.838063610071 0.999825868497 
-0.786098841972 -0.341233114684 0.772910715868 -0.35442294237 -0.464734796326 -0.33080738526 0.516688401147 
-0.520355336434 -0.196315288679 0.623985858872 -0.092686467823 0.80215238779 -0.273206088961 -0.858053933252 
0.239615477612 0.239935150507 -0.25153822988 0.228010696657 -0.695172084785 -0.77346337094 0.728774206031 
-0.522595525916 0.799142672947 -0.643006053589 -0.366460608139 0.613113382425 0.697952350469 0.259704384528 
-0.393408976226 -0.348485847426 0.115415364683 -0.626481160551 0.0439829216153 0.775497969441 -0.549367937563 
-0.24732001258 0.319762466568 0.966452192586 1.03889294499 0.955252165612 0.207710630244 0.548063403251 
-0.920243667501 0.318275878245 0.0124875241095 -0.589481966729 0.217628960762 -0.307257153408 0.863134699934 
-0.725353117235 -0.792551602829 0.226167513614 -1.29173890803 -0.333572094418 0.81565506236 -0.0364623005598 
0.653748156508 0.382149444472 -0.746059660195 0.289836239203 0.814415797458 0.232070903405 -0.838965184598 
-0.319503460625 0.976967515106 0.485862593901 1.1433249468 0.948363608416 -0.229479077234 -0.15570655469 
0.211673111148 0.932695157171 0.390175881465 1.5345424482 -0.153554112537 0.661234173244 0.456122209996 
0.762191033327 0.238307537505 0.833300483967 1.83379735322 0.908536876633 -0.132095837454 -0.256856897998 
-0.165567701533 -0.981385935558 -0.920362697708 -2.06731803638 -0.94628120147 0.855104707561 0.832002864352 
-0.652791157132 0.942055730324 -0.0909264974488 0.198336374162 -0.456547165956 0.18466597953 -0.73148704762 
0.482645118534 -0.333709301366 0.599976058434 0.74891017402 0.973627124149 0.506459640174 -0.859644796392 
-0.837983749945 -0.0748538203921 -0.42268103318 -1.3355203051 -0.0259781972246 0.918541651999 -0.491836423191 
-0.32792871016 -0.333218788638 -0.781907598156 -1.44305679854 0.810376711651 0.145876722923 -0.244822750687 
0.296268688991 -0.627380319842 -0.514897123013 -0.846010455445 -0.104022978894 0.168157660934 -0.520795426569 
-0.389649538866 -0.528133832375 0.912730413312 -0.00505465951147 -0.426915264649 0.544704065932 -0.411184347351 
-0.229574656094 0.293846933337 0.00213141263268 0.0664019882936 0.789101282533 0.810518564545 0.360267680684 
0.86371817168 0.682592932213 0.027676399031 1.57398580134 0.0963960652726 -0.31142474483 0.738604054685 
0.990345874851 0.841043488527 -0.717868275115 1.11351938668 0.815534710871 -0.354759093434 -0.846437971136 
-0.0456062932653 0.110671051116 -0.182616295283 -0.117553239014 -0.265589241742 0.948649206913 -0.60392147299 
-0.0684237600763 0.510780444975 -0.109234508594 0.333120474723 0.766364003899 -0.528495397174 -0.552346291228 
-0.0950859155545 0.614350036173 0.661657382496 1.18091980153 0.308873172402 0.595565214362 0.54286195017 
0.00502125659857 -0.183085068127 -0.658001502902 -0.836067016012 -0.144861371035 -0.956272939534 0.0131053557653 
0.711603884099 0.565294466924 -0.428031553007 0.848865096434 -0.383181282949 0.694423558859 -0.0501759218564 
-0.52449664077 0.0383899666572 -0.656505180011 -1.14261355571 0.295979531107 0.734435414087 0.450654795625 
-0.952673842169 0.678006184079 0.547211222259 0.272541862588 0.674507106694 -0.812625985168 -0.43103770556 
-0.111757472169 0.972253779479 0.267680001801 1.12817460753 -0.0758532389625 0.393233210976 -0.0608574619632 
0.484232910562 0.019200308085 -0.483152420514 0.0202790965515 0.703614139236 -0.65829268009 -0.264077160889 
-0.212035990316 -0.360056103147 0.948052674703 0.375958879658 -0.986686442847 -0.462570626773 -0.00647956335906 
-0.315356412878 0.987736226411 0.554531638832 1.22690975078 -0.544242397087 0.0969106395792 0.562355869849 
-0.897596110017 -0.927560149404 -0.168928888174 -1.99408684918 0.798790425242 -0.47143392783 -0.877043781615 
0.473819084077 -0.668062905879 0.881287053425 0.687041530041 0.911186224164 -0.487163454524 -0.811446186023 
0.193762745542 0.69923440008 -0.0289584139468 0.864037030093 -0.625214431102 0.58593262507 -0.0498299673471 
0.936743779985 -0.0773137794083 -0.913681757975 -0.0542534589803 0.779820388111 0.173048704015 -0.240323074943 
0.145655405568 0.710126815275 -0.879063390869 -0.0232828716074 0.963339619794 -0.610772308823 -0.801109712893 
0.611033992177 -0.252722658546 -0.770669692223 -0.412360060174 -0.291260021009 0.180142185743 0.149372089591 
-0.787724739714 0.282791122973 0.869149357142 0.36421403882 0.554977760516 -0.687591337261 -0.351555272714 
0.515697993775 0.476470754437 -0.845702398673 0.146464647958 0.425757693364 0.157596757197 -0.590664343799 
0.134912210198 -0.00927078223558 -0.620011541396 -0.494371815015 0.515687358902 -0.458071732493 -0.456791460842 
-0.0897628033608 0.227084352426 -0.338529006203 -0.20120915872 -0.812605656606 0.247273336042 -0.32486414981 
0.150165418609 0.685485008154 -0.523289174112 0.312359551069 0.822913796815 0.0953192167006 0.677121498239 
0.847050155529 0.728910525061 -0.760902799111 0.815056179898 0.0722299381903 -0.515474049114 -0.436518738069 
-0.378485978043 0.64719556873 0.0497162094818 0.318424098587 0.0707920827272 -0.729314510941 0.0465176731722 
0.284222343982 0.171602228437 0.358922660019 0.814745530857 0.384763734039 0.415862639604 0.175444119336 
-0.228714467334 0.563157681689 0.870259171208 1.20470068398 0.321458506466 0.651856187285 -0.280427414239 
0.425327458541 0.411710269051 -0.0689694214272 0.768066604583 0.496024932274 -0.828551403721 -0.975180621559 
-0.158250150598 0.443174758699 -0.429884039172 -0.144961132653 0.966105126741 0.453014770013 -0.233937386392 
0.376061764765 -0.132671645518 0.714479817126 0.957868234791 -0.19914111071 -0.913183227452 -0.518072372401 
-0.177558054639 0.345155210475 -0.336109011083 -0.168513556829 -0.600049580254 -0.687335737878 -0.608707297233 
0.0684691464344 0.735735411341 -0.562307192841 0.241895663353 -0.113941196879 -0.390261384184 -0.275275443196 
-0.587887570125 -0.167504486253 -0.777300434875 -1.53269419283 0.0775458245716 0.221122674487 0.290651098307 
-0.843698842394 -0.269742479856 -0.709221276944 -1.82266430078 -0.358080403238 0.31508319971 -0.999527197646 
0.586760539751 -0.0764703900044 -0.705431613343 -0.195143165178 -0.936233135175 -0.473601853137 -0.864813332292 
0.122558116363 -0.481690304581 0.543755538831 0.18462164903 -0.178025928676 0.00267865085902 0.474929429744 
0.355181798387 -0.975218386974 -0.486099147925 -1.10613743809 0.547159331383 0.0703007839868 -0.584401687842 
-0.972445525443 -0.22575970359 -0.0846755092629 -1.28288243988 0.499858578589 0.64173184853 -0.930311469985 
0.0409157649685 0.310774823215 0.142169658235 0.493858544836 0.0337544510646 -0.489028045865 0.250246383436 
0.124513832738 0.581558758157 -0.969198172259 -0.263127282946 0.895246280905 0.945377712306 0.998430547032 
0.823006206461 0.167456154251 -0.978341229631 0.0121194294991 0.411934648604 -0.145843847067 0.561500458193 
0.847694993273 0.194027159606 -0.561636272383 0.480084178915 -0.0524465238468 -0.118274826887 0.16529825187 
-0.925774870157 0.250124922623 0.0593522636918 -0.616299385424 -0.310148335298 0.383921880966 0.125655632163 
0.54451183715 0.279691438043 -0.769982429144 0.0542191444678 -0.879897296953 -0.201723762185 0.00521846346551 
-0.532542216718 0.251701613494 0.0515210384947 -0.229321266311 -0.580183148741 -0.779534018606 0.570275961452 
0.263218798492 0.513437266091 -0.231702055708 0.544952307292 0.759482421686 -0.0966312252008 -0.0012429650234 
-0.0776726634354 0.283435368524 -0.910809833842 -0.705048830336 -0.454084372909 -0.879872048797 0.542202694824 
-0.738933773062 0.216068126245 0.515067676475 -0.00779967192418 -0.834265816673 0.215367804526 -0.832805733659 
0.654631353332 -0.777363197074 -0.954745799022 -1.07747934435 -0.98602564335 -0.888872148995 -0.292552868604 
-0.344197123466 0.59869645087 0.490637429211 0.745135055033 0.728183515693 -0.610958627542 -0.849452253868 
0.0750352381678 -0.972069403419 0.526434941371 -0.370600925462 -0.913127731474 -0.114459581266 -0.757970738329 
0.613030774193 -0.882662373252 -0.303507650986 -0.573140951627 0.814154522707 0.7919938321 -0.0778091352643 
-0.35003198888 -0.109252091248 0.342464003196 -0.116821778514 -0.307163080175 -0.755097630077 0.318965499646 
-0.842385656506 0.450292748209 0.475849712361 0.0837551024825 -0.890399929321 0.334478867564 0.0209065605003 
0.72119830927 0.209192822175 0.178285253595 1.10867468346 -0.209640863068 0.414650275197 -0.245955858375 
-0.110991379293 -0.635351066895 0.656569332429 -0.0897748153404 0.306497144771 -0.43731437645 0.455775347718 
-0.318494433763 0.803107313375 -0.497513306849 -0.0129021288187 -0.125415866762 0.759783952237 -0.752200710415 
-0.137013701979 -0.827555791088 0.481545148844 -0.483026045805 0.707964253573 -0.116528245371 -0.460058197423 
0.259101321603 -0.859912098679 -0.545382438618 -1.14619491728 -0.184161905294 -0.164305173329 -0.53552930903 
-0.30372337253 0.137462462094 -0.711682388823 -0.877945000841 -0.93943408191 0.339468185338 0.931660559376 
0.130653213548 -0.102460987979 -0.609673112739 -0.581482588752 0.538974370253 -0.909889915463 -0.962435759243 
0.463067401286 0.227986422885 -0.503332274536 0.187719848053 -0.767550506023 -0.750724313603 -0.517734149595 
0.486545420742 -0.34507026897 -0.257743924447 -0.116270474256 -0.520070946876 -0.37122155477 -0.222369517487 
-0.518526294787 0.556189406299 0.682111767903 0.719773177833 0.49279572383 0.748381323537 0.0462977014258 
-0.0893816345764 -0.939779944432 0.258756130775 -0.770407149815 -0.91896144322 -0.952382251518 -0.845128773211 
0.128691029793 -0.00249334676274 -0.165828575766 -0.0396325943177 -0.47093263904 -0.216748456154 -0.79270399854 
0.22509407285 0.880986546534 0.463802571456 1.56988148926 -0.10592209007 -0.183839138646 0.109210938125 
-0.812649896307 -0.96745756611 -0.961744739341 -2.74185390334 -0.193666012304 0.00289084328311 -0.620079407687 
-0.373184861803 -0.998799356597 0.813228995446 -0.558756924536 0.990173745298 -0.718316555385 -0.855136931689 
-0.915846209059 0.555600022138 -0.406630063488 -0.76687795199 -0.0587079545797 -0.798283128007 0.492356293508 
-0.805766842117 -0.595509461313 0.560429323974 -0.840848681038 0.412889163904 -0.968585870963 -0.843429001484 
-0.0965315619758 0.757616253326 0.311640101763 0.972723091532 -0.253521923614 -0.886789507253 0.284030245354 
0.0165823808461 -0.385484145633 0.785531959871 0.416628493502 0.0210511221473 -0.116992057338 0.518794396647 
0.301249685925 -0.389711026472 -0.757626942488 -0.846089984617 -0.0432108492532 -0.210136607602 0.457997787411 
-0.0569495512038 -0.22024914863 -0.992865955529 -1.27006635695 -0.377071247002 0.469658321372 0.163753482293 
-0.937462835516 -0.466386700085 -0.638237082614 -2.0420883198 0.0812385902868 -0.185916315116 0.450510362848 
0.852902946792 0.705766536452 0.0619451919578 1.62061297362 -0.895171415127 -0.296347088651 -0.670868149017 
-0.623826529026 0.104594900074 -0.741915207914 -1.26114853845 0.943282903601 -0.313262645931 -0.820883435342 
-0.704962823315 -0.363044258251 0.42500268989 -0.643006093258 0.626052097021 0.353673462816 -0.704913394017 
-0.695276918581 0.320031216422 -0.26964320977 -0.644890613511 -0.535210158585 -0.782792073623 -0.0861948010534 
-0.894028597397 -0.500321586274 0.936845045575 -0.457506839678 0.820127730877 -0.144587190831 -0.804038205963 
-0.461393419348 0.665485412606 0.535453098152 0.739543389828 0.76897533819 -0.912585329876 -0.432685073941 
0.411168742476 -0.745238399702 -0.389880402888 -0.723951761696 -0.499807850087 0.740556293811 -0.754356955659 
-0.386936411405 0.360982724762 -0.82003193216 -0.845987320384 0.636877162369 0.265261170047 0.119708203508 
-0.868417828693 0.211630311089 -0.6451219254 -1.30191114459 -0.213383178837 -0.73375032048 -0.0589556761516 
-0.998296992465 -0.377755719517 -0.552362169377 -1.92841658294 0.920533678848 0.217346624655 0.28994194287 
-0.309321086143 0.421013401343 -0.917826134973 -0.806135521356 -0.293020077782 0.164939220057 -0.916648656965 
0.808862940454 -0.115842287204 -0.205283051005 0.487735900664 -0.505108508542 0.24145227086 0.125956687334 
0.259375907586 -0.977085206261 0.367635494089 -0.350075506168 -0.943096454133 -0.0175305260442 0.582489778996 
-0.0280589170687 -0.831967884836 0.864438197612 0.00440969412566 -0.0898328693688 0.392424960585 -0.630684479033 
0.428212783163 0.28915293614 0.814709256993 1.53207327471 0.312758893192 0.184140488894 0.863506560474 
-0.462335642725 0.0672538205795 -0.216197027518 -0.611280551245 -0.067794985426 0.146486957916 -0.65082865181 
0.309098476043 -0.166915230851 0.460664479404 0.602846023014 -0.990107472778 0.345568308563 0.932870486037 
0.31964877767 -0.759606822298 -0.894634833203 -1.33459457941 -0.192085833091 0.99861608679 -0.180003098514 
-0.206266517098 -0.149078100779 0.430111913573 0.0747655941133 0.459077327143 0.0397609237149 -0.862397928015 
0.173816379177 0.473286904319 0.00610377526864 0.653205357183 0.904578711228 -0.817982533916 -0.568286345641 
0.8600233972 0.442082783553 0.0703514909939 1.37245597017 -0.323015241937 0.284945549526 0.988664233061 
-0.880404534602 -0.457898332314 0.456463587631 -0.881840980867 -0.587913713472 -0.288938907258 0.235950313986 
-0.0500955811316 0.785870458998 0.504874777841 1.24064795413 0.306919911716 -0.835815865476 0.802854561433 
-0.898292577454 0.709624208417 0.0486350401282 -0.140035030491 -0.480006134448 0.983706727364 -0.337644985291 
0.62617467317 0.30307767651 0.691574276063 1.62082492416 0.181003323614 -0.922598364844 -0.241354108275 
0.764548689648 0.0656540273513 -0.186538703731 0.643662311687 -0.945505485151 0.72162023261 0.759518173013 
-0.967319178147 0.910998014783 0.0487790377919 -0.00754382715345 0.0134886519486 -0.557421544073 -0.329915097695 
0.00380912858005 -0.275272667226 -0.371068253539 -0.642533493767 0.658252699211 -0.634131033002 -0.354259501213 
-0.915995159026 -0.645028209672 0.773792154274 -0.787232916006 -0.748678979059 0.77018126641 -0.920458842667 
0.585688381225 0.0333338904099 0.774089345877 1.39310991593 -0.498530789409 -0.0956787543529 -0.660089897723 
-0.226774650295 0.459655155395 0.452330505993 0.685209309511 0.293799465386 0.483831281552 -0.446123735751 
-0.158068526604 0.0844081469913 -0.39027484069 -0.463936921885 -0.311728720994 0.762349138185 -0.612952165461 
-0.828692205743 -0.158657660974 0.842816551118 -0.144535017181 -0.554791251177 0.836543317408 -0.196720689496 
-0.465513202767 0.500909923229 -0.86873952548 -0.833344506599 -0.314023239153 0.294658433585 -0.474223291746 
0.0523365778563 0.830364963471 -0.263367003941 0.619332835805 0.981669715855 -0.160264963424 -0.23429097998 
-0.842209859391 0.999782774784 -0.176472879353 -0.0189016655419 0.125608300535 0.974490578397 -0.233983561355 
-0.74154629159 0.585672945548 -0.798449892357 -0.954324939981 -0.471550232559 -0.472319445475 0.724862087133 
-0.995908167971 0.898342520042 -0.531315018066 -0.628882367577 -0.0357207943735 -0.290303799131 0.0565671020775 
-0.0426000608805 -0.897352930563 -0.549763002485 -1.48971769551 0.423801680287 0.346354742929 -0.370214075762 
0.488599304598 -0.831113639912 -0.564612607139 -0.907128644034 0.693875016867 -0.106085577596 -0.660728705991 
0.331838703588 -0.710542425202 0.405411545206 0.0267061220106 -0.528525644116 -0.505524506601 -0.234301928827 
-0.0739453588073 -0.437558031102 -0.634613774467 -1.14611886596 0.757469538313 -0.00558122646232 -0.696152145738 
-0.248946838386 0.246995449323 -0.586198467566 -0.58815155821 -0.572885425553 -0.843871046523 0.258573381398 
0.709590783519 -0.286499469524 0.650230094614 1.07331970703 0.299421688497 0.593677425812 0.649755071255 
0.056400562225 0.105893254724 0.970655919717 1.13294803508 -0.736064514182 0.0953700998554 -0.110213454918 
0.298867303828 0.864077818573 -0.0450566508604 1.11788676996 -0.663288742693 0.474147261884 -0.882570644422 
0.111724954483 0.906787967882 0.445402473826 1.46391369461 -0.39717312158 0.0624096615628 -0.220091919329 
-0.734287357888 0.325355490819 -0.872621285615 -1.28155485427 0.370104642051 0.667187844944 0.348977625945 
-0.880793909176 0.973057624723 0.0793375576529 0.171599571618 -0.601655587309 0.0491911314958 0.779804936412 
-0.198964659099 -0.388931918961 0.293762537853 -0.294135741789 0.412845880574 -0.89930668109 -0.955729875667 
-0.42397312991 -0.659652631051 0.595380984117 -0.488246478425 0.862301946515 -0.537735176284 0.508722763586 
0.214602201917 0.790079366506 0.12896798897 1.13364785581 -0.716788941316 -0.820742524042 -0.452156618726 
0.385258670235 0.549203497372 0.0543301739746 0.988790639999 0.89636986854 -0.648632892831 -0.504169368156 
0.353828404468 0.164917893162 -0.762924822128 -0.244180226079 -0.157152940138 0.975448597377 -0.891733192069 
0.691461849939 0.172970250563 -0.080105734672 0.784324664249 -0.373554156445 -0.549141900169 -0.810253451546 
-0.520690490583 0.283235420875 0.580086641292 0.342629870002 -0.798809446306 0.47497054972 -0.427717984617 
-0.470627736991 0.284511881479 0.437195007728 0.251077450635 0.0134453604399 0.0547940706482 0.469482728767 
0.100543432071 -0.460109581483 0.339683008452 -0.0198848425413 -0.254952402586 -0.722316277071 -0.601512001373 
0.600798316904 0.626851680576 0.219005865521 1.44665416142 -0.0428885250678 -0.226151821509 0.345487485493 
0.707515051477 0.688130869907 0.696855913142 2.09250013294 -0.00500343450382 0.536092601138 0.205428487528 
0.818823720453 -0.235021355445 0.407051200742 0.990851864168 -0.41915813691 -0.836136795496 -0.0370969084214 
0.858788683274 0.985893278943 -0.333840756383 1.51083950425 -0.502484525908 -0.47410980888 0.739169559909 
-0.439247714243 0.332127826053 -0.162628095249 -0.26974968502 0.77390721964 -0.103588938432 0.358504187971 
0.0108950595183 0.257592327513 0.137560085331 0.406045770781 0.250357230587 0.0516462356666 -0.546214888361 
0.462968468843 -0.70419891389 0.924976418744 0.683744272115 -0.85354559279 0.331041002698 0.0938463389789 
0.909221150909 0.595433644408 0.326287108661 1.8309402024 -0.904846739357 -0.177344656596 -0.0143489000298 
-0.732141063845 -0.323230346433 0.179328517703 -0.876044594158 0.588914412951 -0.348174196939 0.591564234085 
0.918147160901 -0.845399875352 0.554995978505 0.627741562472 -0.730960076724 0.0825359064004 -0.936140509582 
0.661980225697 -0.123708665139 0.948881299634 1.48715115861 -0.880837004926 -0.487512860321 0.547160285414 
0.640351672566 -0.174321940242 -0.628561766437 -0.162533735695 0.0713469191865 -0.219962997977 0.0407927021441 
0.858067725819 0.838811822317 -0.716329311013 0.980548535541 -0.707894287325 -0.277588330734 0.955302262431 
-0.67151458603 -0.135348017208 0.214964062459 -0.591900242361 0.0732006341649 0.468461151569 -0.361633882165 
0.420091355761 -0.0490132497487 -0.954636214037 -0.583559809607 0.990519867765 -0.659087170515 -0.938098172714 
0.286505351344 -0.0707213369999 0.0846073432733 0.300389656036 0.690457889685 0.70382889935 0.677571679603 
-0.530706505049 0.984976891595 -0.378658484803 0.0756102001604 -0.47701836392 0.212986623783 -0.49171266619 
-0.498175264671 -0.65971601467 0.338434196314 -0.819458784609 0.217083207854 -0.571513518635 -0.949340335031 
0.596210961886 0.325079875051 -0.168177140324 0.753111995031 0.673045834806 -0.944116152632 -0.257772609793 
0.908867294948 0.544661976325 0.998432526693 2.45196009638 -0.338654955669 -0.907700345274 -0.395883822124 
0.8681949032 -0.504730599314 -0.0863012318969 0.277161370407 0.820251010548 -0.667721574097 0.46310810693 
0.852628828911 -0.644289553986 0.88130436762 1.08964194096 0.341440799275 -0.562063882898 -0.70039311588 
-0.631525520795 -0.815222570847 0.112788750157 -1.33396104307 0.861516441542 -0.0120741825839 0.240320683195 
0.569822141456 0.740729132589 0.118032299625 1.42858187209 0.370119149581 -0.368899974171 -0.367337938621 
-0.331089130744 -0.6635990388 0.678928890885 -0.315760980241 0.0885131391425 -0.919625159279 0.954158811573 
-0.287943691111 0.85205565136 0.222516519161 0.786626777828 -0.631818583254 0.903980306142 0.168137459855 
0.529147802897 0.0254841505234 0.229248550487 0.783878802326 -0.679841473923 -0.0679979138588 0.884536353024 
-0.484880262344 0.397679307706 0.448626962816 0.361424306596 0.642127828269 0.908256896099 -0.256484351993 
0.748916911414 0.611649884622 -0.460354573938 0.900210520516 0.0612932321467 0.0944410184024 -0.597480138614 
0.240211924083 0.0740253042751 0.581575053779 0.895810580555 -0.0494773950498 -0.995981955655 0.454657525335 
0.831935637324 -0.85590798878 -0.332213276706 -0.356187329743 -0.271426789806 0.669841039457 -0.471559099507 
0.833690029573 -0.200979317517 -0.181586119568 0.451122890907 -0.867170589019 0.651923927253 -0.844648195138 
-0.664587206267 -0.407997995473 -0.215413447608 -1.28800035093 0.263479492972 0.314964917826 0.611352795094 
0.291817325006 0.0729524177334 -0.273649648498 0.0911183926594 0.899871180177 -0.834994166687 0.661188183128 
-0.147776136504 -0.947970081972 0.717998065458 -0.3777498546 0.883276625755 -0.817660410442 -0.997959625747 
0.486815334246 -0.132166287639 -0.678944798225 -0.3242974532 0.705894914606 -0.0268748644081 0.0628825026299 
0.951368533852 -0.27138855793 0.340924487073 1.02090276141 -0.872608634173 0.0576814976251 0.422914977982 
0.86864361771 -0.0622964924082 -0.807568815366 -0.0012233916459 -0.701678087526 0.0883850364142 -0.880516911055 
0.344628153207 0.955314143987 -0.818494515261 0.481446080351 0.736722241482 -0.676626992311 -0.135642005783 
0.848746487472 -0.874591796775 0.406171882434 0.380324871549 0.148299595932 -0.718706193996 0.126146248089 
0.889179967947 -0.270538534674 0.390061986953 1.00870171864 0.55811941896 -0.0853065484689 0.0303825697357 
-0.605042247621 0.255861762094 -0.753578775999 -1.10276096311 -0.397854905664 -0.453823734643 -0.0192489308193 
0.45949701198 0.387341750736 0.679373422332 1.52621048347 -0.849579711448 0.0611734910653 0.372857640738 
-0.284734475461 0.102635198614 -0.0894832517257 -0.271584230154 0.104884567762 0.546753900726 0.730982403676 
0.316275624178 0.0768339712702 -0.91589207266 -0.522784178794 0.452135857541 0.619032476646 0.642179866702 
-0.660885760474 0.265566511029 -0.0842025930279 -0.479523544055 0.941066390082 0.520517697791 -0.319529692878 
0.211181397146 0.352179187879 0.187626412842 0.750985296285 0.00597321408938 -0.0200077040811 0.188442012389 
0.728189103144 -0.493507363645 0.665284237389 0.899964275307 0.456272515905 -0.2103723221 0.21000399332 
-0.601833692688 0.948427264382 -0.820332495319 -0.473740625208 0.0762387159693 0.804297371479 0.402211989496 
-0.0849909782679 0.297787294668 -0.447665550521 -0.234870935703 0.891304275347 -0.57715431348 0.145553695709 
-0.103686770666 -0.458765318155 0.411772047481 -0.150681742921 -0.00352427158993 0.832569794603 0.175872987816 
-0.605242326042 -0.646921659734 -0.845895919035 -2.09806160639 0.715585819838 -0.806623742298 -0.228040052389 
0.480321250442 0.340806788774 -0.747374548278 0.073751789355 0.985724653992 0.886299666211 -0.0162045134277 
0.00373607016043 -0.0160976296233 -0.767820050233 -0.780183311277 0.136552723637 0.189277924601 0.182675567105 
-0.9105058436 -0.856098787743 0.966583793273 -0.800022539652 -0.758470668426 -0.536048379839 0.646581721252 
-0.0554155721866 0.300713616397 -0.000637235981982 0.244659106646 -0.527833473304 0.445434796632 -0.709187656739 
-0.140092201572 -0.544175050604 -0.894152143304 -1.57842109706 0.852362854346 0.89774458387 -0.907043263764 
-0.1603041367 0.0402345905305 0.991442214788 0.871370967036 0.541569196003 -0.629072963714 0.476925964429 
0.603568413733 0.894455718186 -0.0579594968642 1.44006293347 -0.507151874994 -0.502948506903 -0.262967975509 
0.954830592663 0.781819049779 -0.317579734376 1.41906820648 -0.178695995041 0.936852658234 -0.349417681246 
0.503266697781 -0.515793975678 -0.0288994960596 -0.0414284755382 0.0333105560229 0.622462497445 -0.82851534524 
0.0241895309422 -0.0737648166043 -0.491735610769 -0.541312598013 -0.541694025779 -0.733811715314 -0.150808859879 
0.994097875946 -0.593605893596 -0.510258107878 -0.10976782711 0.596431746919 0.552600325706 -0.746549780502 
0.477588703833 -0.645080652019 0.452809510744 0.285315860976 -0.167884452437 -0.571959894905 -0.992051265444 
-0.33430898425 -0.484655581298 0.912623181491 0.0936569143604 0.257052248301 -0.74752596359 -0.0834080502015 
0.246879758523 0.0523693037394 -0.669504881115 -0.370257520434 0.0663672225315 -0.147888337369 0.773564338413 
0.804339599901 0.148914000423 0.819829548151 1.77308144689 0.16581961376 0.75324098057 0.0281351706067 
-0.196470259677 0.22930331925 0.702429204836 0.735260562827 0.218922646566 -0.250713652252 0.377865864615 
0.534012692262 -0.950254575772 -0.0994192940423 -0.515662879135 -0.47035483216 -0.74589892303 -0.34189416505 
-0.0198733988945 0.06749251192 0.104889771428 0.152507182872 0.735542227694 -0.886515534076 -0.727737445582 
-0.510927066965 -0.605693363769 -0.878201862479 -1.99482399479 0.0744813427697 -0.964646180966 -0.459718208186 
-0.118177312349 0.854668811204 0.169972138722 0.906461935995 -0.279853901921 0.68766596875 0.770888277937 
0.410457775346 -0.790593342404 -0.619174201611 -0.999311470251 0.281188598135 -0.470525315512 0.571360399535 
-0.553704751399 -0.478658151076 -0.639960976138 -1.67232558019 0.344439143677 0.914515223976 0.624220470394 
0.0777367727864 0.587883074335 0.509294041102 1.17491218664 0.878569657996 0.630762070821 -0.624419207943 
-0.0639434671691 -0.420191883538 -0.97468504818 -1.45882210047 -0.0657991528333 -0.0500754451514 0.200526363549 
-0.366607397371 0.651125071117 -0.821126491708 -0.536610519545 0.824572855428 0.232725284705 0.334468087616 
-0.9167632791 0.877341989447 0.841599269473 0.802176278238 -0.750325724823 0.70093444624 0.420770767944 
-0.746801381654 -0.39116423378 0.527250600133 -0.610716716882 0.588247436918 -0.908233047276 -0.891131835518 
-0.590970516576 -0.822820337998 0.227642277369 -1.18615027879 0.88746576518 -0.995716853537 -0.788404295982 
0.860622245923 0.651551527536 0.223360416389 1.73553248827 0.166340633878 -0.648993495258 0.808188307262 
0.987477207657 0.643811144767 -0.388460906598 1.24282574424 -0.452845512161 0.811592654443 0.127869338589 
0.323777327041 -0.485390641388 -0.849107890413 -1.01072290634 -0.330876899706 -0.732817546092 0.504081854047 
-0.0785525184338 0.138130551787 -0.981941677903 -0.922365346132 0.971576765757 -0.0941960974397 -0.843294626937 
0.405800292022 -0.701824699842 0.322289710532 0.0262636011301 0.825491305134 -0.984782078615 -0.15655820925 
0.585445565392 -0.42948954156 -0.729412409121 -0.57345808687 -0.990833000242 -0.390918979599 0.479089062664 
0.666745859849 0.0547883327342 0.380741925155 1.10227441616 -0.179997364839 -0.128285684876 0.700272699711 
0.47454443167 0.0534913811668 -0.280745413079 0.247288698177 0.926565208129 0.463409896833 0.0131556472199 
0.48844950199 -0.882593438778 0.0126392547475 -0.381506383622 0.73035981385 -0.933649725814 -0.318599653894 
-0.504122361735 -0.0216738971028 0.870123018754 0.344325058335 0.396944763511 -0.87107764241 -0.743879171903 
-0.871136153787 -0.956695995518 -0.72074395925 -2.54857781014 0.999672694519 -0.270339060897 -0.928035945405 
-0.737860207395 0.071318428378 0.0397005929591 -0.62684288764 0.409923795612 0.667524467838 0.285807864206 
0.844715067307 -0.452563855465 -0.367106993262 0.025042516998 0.502828869458 -0.187825906007 0.351216317323 
0.142573585765 0.589001429846 -0.679714308631 0.0518590053982 0.756227713154 0.193953461721 0.692734650575 
0.355224639455 0.236659762243 -0.804351762239 -0.212469062122 0.234491331221 0.305231699257 -0.828826799014 
0.292144579047 0.15901542317 -0.932571815695 -0.481413515059 0.634932262755 -0.989440219269 -0.321092111717 
-0.438051694273 0.341654700884 0.20730722116 0.110908526189 -0.100372052601 -0.785604920004 0.53626000789 
-0.746679057743 0.225244417892 -0.746052817158 -1.26748915859 0.583759798161 0.475442952304 0.19941826386 
-0.249799528088 0.466700611085 -0.730220449571 -0.513321068156 0.947428656382 -0.356881759325 0.812801479243 
-0.669549528611 0.660423361213 -0.886660286953 -0.895788155932 0.898891956714 -0.00911650270005 -0.712824650766 
-0.630881394907 0.220321297524 -0.0979805403688 -0.508542339333 0.895907814999 -0.150369482232 0.241582320418 
0.765899325839 0.490329365291 -0.615802123617 0.640424865931 -0.370568602772 -0.30824055997 -0.257086461581 
0.574419463473 -0.0134165502139 0.149162607261 0.710163818938 0.896345188507 0.292520193804 -0.373774731794 
-0.935525883881 -0.705482805737 -0.00407952393222 -1.64508991513 -0.763721364675 -0.318523104804 0.0936602649741 
-0.736899385907 -0.939070794747 0.113751151971 -1.56222073026 -0.269416884605 -0.573592236786 0.394743444002 
-0.592792816493 0.297179022254 0.479395709336 0.183780213515 0.931032866765 0.8311364256 -0.909898076794 
0.555560175085 -0.491611536734 0.405321167178 0.469268103947 -0.670103546587 -0.779128129814 0.948829220557 
-0.438404245934 0.267659704838 -0.031825011599 -0.202571254276 -0.304324960646 -0.148413913614 -0.79819531691 
-0.507591016057 -0.620318066598 0.869152392066 -0.25875839217 -0.565005218112 0.524074927321 -0.25165851909 
0.987780793586 0.762455031938 0.601535144445 2.35176926839 -0.929016380767 -0.743725527504 -0.609063305446 
0.587830323515 0.411361608174 0.319658151236 1.31884838134 0.195090941335 -0.712278215009 0.186931705493 
0.800990649193 0.237754176226 -0.721364544762 0.317378579075 0.781331938295 0.73837059001 0.832895944987 
0.924278599909 -0.298707728025 0.370497847842 0.996067018144 0.615111585237 -0.373169401152 0.0973404944243 
-0.169976178628 0.725519805664 0.766480443469 1.32202236892 0.247682324826 0.538489334337 0.379167533717 
-0.466883305637 -0.0213039025889 -0.631293772752 -1.11948268256 -0.214215918505 0.978424009212 -0.717582786424 
-0.832084664653 -0.114286600802 -0.917419793889 -1.86379276092 0.550116134232 -0.241359066333 0.833212539317 
0.664195359428 -0.289961350255 0.0697951632832 0.444027470875 0.332735937327 0.556671991928 0.397449563036 
0.194988807281 0.399467472098 -0.911728258264 -0.317273680468 -0.147560022792 -0.412769484602 -0.980152617702 
0.779740302396 0.751114225381 0.972454644447 2.50330747064 0.397008859958 -0.982251245753 -0.992826313525 
-0.382039239314 -0.540526195754 0.507455938179 -0.415111198471 0.542307368722 0.340233354304 -0.346082864064 
-0.92570076746 -0.484104614238 -0.380718386249 -1.79052546953 -0.46603544739 -0.147370917955 -0.574457213504 
0.781589775723 0.797078453271 0.73842029065 2.31708681806 -0.903969703024 -0.0158640295478 0.23321385853 
0.755580609396 -0.780205354716 -0.575860966101 -0.600487413003 -0.0708343905002 -0.532381745309 0.331548387348 
0.485293666781 -0.506796909478 -0.0310868816173 -0.0525918258957 0.53939720645 0.185820863824 -0.102052267024 
-0.699562976531 -0.265593962665 -0.701210280989 -1.66636892177 0.0140543757564 0.0616641809253 0.821304344775 
0.467307970423 -0.948863584565 0.170172849466 -0.311384466259 -0.352510552648 -0.462919665958 -0.171710645261 
0.124597941569 0.549638565045 0.140134386673 0.814369191704 0.152569019107 0.501933041523 0.957910897121 
0.18281188374 0.810443995835 -0.186860287008 0.806393890985 0.473192513956 0.318640732338 0.100963056357 
0.271055087009 -0.381379939285 0.0981812998296 -0.0121452540281 0.700208684184 -0.116024097254 0.929295883197 
-0.929718152879 0.0949586470704 0.524957996244 -0.309803211146 -0.67310564562 0.248588889547 -0.482104072342 
0.858682582896 0.738242224894 -0.036581784775 1.56034132143 0.622597700284 -0.239179631456 0.782663076786 
-0.376825036461 -0.0626494631781 -0.954316887861 -1.39379308908 -0.0859369597344 -0.191081843405 -0.489977184824 
0.334446722575 0.637456727672 0.507723448957 1.47962519762 -0.847348737917 0.956026894222 0.225904328229 
-0.7750616418 -0.464533637827 -0.575197936127 -1.81479491734 0.49376764065 0.928015447677 -0.781216089966 
-0.750924821663 -0.231993617848 0.987550507384 0.00463036629052 0.0507478345724 0.0725486556781 0.35765675117 
-0.830856383725 0.899385908888 -0.528648519551 -0.460120695969 0.259374604336 0.665914210542 -0.352035622829 
0.0429357693944 0.795526040213 0.85787114709 1.69633125511 0.221196074705 -0.628071367761 -0.74647046513 
0.9910003656 -0.56635243889 -0.586525757778 -0.16187953265 -0.671781104648 0.666542621928 0.293612509251 
0.489583707093 0.774896494826 0.927956198479 2.19243469882 -0.29528896068 0.136795206253 0.840627802864 
-0.532610854432 0.305408652999 0.379175003998 0.151971100983 -0.961248511023 -0.615637448993 -0.897915404038 
0.12225161206 -0.109747509146 0.790653455594 0.803155856927 -0.834909609318 -0.0847236691482 -0.534805700524 
-0.309891771667 0.507029154649 -0.716988788225 -0.519853106825 -0.217867966167 0.754135360694 -0.498382947776 
0.760411725527 -0.873914252141 -0.369231234085 -0.48273546228 -0.788831488367 0.583894796944 -0.790078075266 
-0.111452246086 0.32094145013 -0.285104174914 -0.0756166724509 -0.244671156617 -0.0140954824808 -0.771215505595 
-0.00467452566577 -0.261143590095 0.404691831472 0.138872014129 -0.571168215023 -0.462314421523 -0.547591982501 
-0.37620330319 -0.474760076621 -0.554729585918 -1.40569466731 -0.896387063145 0.174507950032 0.710358405442 
-0.32587368998 -0.36467159129 0.899077732969 0.208530750117 -0.390557193 -0.613720389364 0.436542755869 
0.392614086952 0.147176224126 -0.605134006035 -0.0653453965389 -0.526370591269 -0.164827852499 0.199837142867 
0.801653858609 -0.127628112788 -0.886557315567 -0.212533271328 0.313312626613 -0.925187157815 0.427312989645 
0.994752193382 -0.703077469766 0.855622224161 1.1472952462 0.66425906784 0.958334870539 0.807547511608 
-0.868192651717 0.0561934689038 0.555047670998 -0.256953213397 0.244790818562 0.22579069875 0.0385168736389 
-0.546538852767 0.412200275852 0.0589337900693 -0.0754064884281 0.572456741099 0.456672112929 0.315249423012 
-0.68231628255 -0.00659328663236 -0.598338236704 -1.28724950747 0.00562388840011 0.424676959005 -0.873668335599 
0.432223480076 -0.777191906931 -0.600844668143 -0.945814796579 0.368899563085 0.954282546166 0.61688491908 
-0.860214556573 0.872783840139 -0.719783853417 -0.707216271433 -0.00838685262052 0.814462275842 -0.668399062845 
0.804841892715 -0.802883228331 0.76139013271 0.763347095513 0.213309695523 0.741190211655 -0.725004232507 
-0.752033137211 0.793456976426 0.484927339286 0.526349476919 0.577252407293 -0.0709699886007 0.675254296835 
0.00469177300307 0.47806624576 -0.375613513939 0.107142803242 -0.783814155935 0.58299719307 -0.286745218945 
0.0470864757766 0.498039821592 0.266945499916 0.812070095703 -0.220145915875 -0.551859992403 0.330956347777 
0.629282307788 0.362356946757 -0.890990917182 0.100646635781 0.522251536597 0.218270319488 -0.356027299949 
-0.953616511887 0.240418391842 -0.467898805795 -1.18109862742 -0.380898002162 0.313299523722 -0.709605430613 
0.972825816622 0.0766162550473 -0.0318454412704 1.01759492882 -0.656829163941 -0.324088595502 -0.000816034694066 
-0.571985372571 0.861236760124 -0.117909959088 0.171339726883 -0.432984747976 0.990095955254 -0.821955113304 
0.624338729916 0.209147907582 -0.705500526855 0.127984409061 0.699520526445 0.101131006485 -0.306268057624 
